1120403456
8388608
5111808
3276800
3276800
1835008
1638400
1638400
1638400
1638400
1015808
819200
819200
819200
819200
819200
819200
819200
819200
819200
606208
409600
409600
409600
409600
409600
409600
409600
409600
409600
409600
409600
409600
409600
409600
409600
409600
409600
409600
409600
401408
204800
204800
204800
204800
204800
204800
204800
204800
204800
204800
204800
204800
204800
204800
204800
204800
204800
204800
204800
204800
204800
204800
204800
204800
204800
204800
204800
204800
204800
204800
204800
204800
204800
204800
204800
204800
204800
204800
204800
204800
196608
102400
102400
102400
102400
102400
102400
102400
102400
102400
102400
102400
102400
102400
102400
102400
102400
102400
102400
